9717
17150
14506
470
32194
7278
26243
30890
8759
23301
26326
28876
8487
14460
30542
21999
3253
28796
2934
5486
27663
25430
22085
30840
1270
17170
415
20463
17221
5581
25402
26939
22731
7140
27409
22157
14419
20885
20280
23178
11418
13838
19286
19905
28298
17060
9137
31551
13088
12071
4270
7983
4733
26355
6055
6004
10757
6470
26467
27979
12051
19102
22150
2014
26242
16791
24172
7893
4908
11684
31071
16327
25522
17589
3464
21052
1881
12601
19835
14969
24672
24105
22952
29406
17693
29007
2642
28450
2710
29109
23661
14761
15443
13043
16776
8918
29835
8180
16811
1975
19864
15115
18302
12618
32704
21767
902
1818
1600
20737
16787
26273
12075
6972
22911
29768
3211
25553
25450
5921
21894
16344
20683
4570
29387
4691
13488
26454
12871
30299
28430
32735
12646
13964
12585
12583
2963
13487
14401
4564
1456
31188
30837
13531
5392
20980
10531
8604
13765
3214
14525
2891
19558
2440
7461
16177
7131
20949
9864
20002
18481
5526
19969
31127
19490
32554
10942
22454
13273
25343
27018
14730
23764
25087
28261
29156
13299
6025
4992
27064
9239
19518
29955
28797
21958
4649
12206
29090
25598
22070
16324
11311
27596
3526
9671
14319
3312
20613
4005
16586
13189
31023
31316
4185
23342
26809
573
3873
66
5566
30937
9305
25084
28124
5334
14274
5
17541
10596
25604
6843
26921
4147
1672
30447
13818
15991
991
1664
19996
17577
14853
18251
16125
19038
8825
10167
19611
12698
10233
25177
10867
19539
17493
6223
24873
31768
6229
9646
9596
31833
16490
3749
3212
18162
1428
17031
1385
2420
18695
21381
19997
780
6864
3355
19818
15689
13522
6661
28387
23755
31839
6486
10526
16564
12709
2632
15564
18938
12278
25161
18003
28768
28910
21216
14162
30339
5479
15547
32759
24174
4160
19988
24954
11024
23343
12004
26713
4097
18665
22332
27853
17736
28818
5611
1533
8760
8243
17097
27698
20522
9490
12934
16522
5633
1382
30685
3204
6861
13464
3195
31035
17625
23183
23221
28649
13759
2457
22595
17856
21122
12159
12941
6091
8210
18553
7624
16970
26796
24721
11900
14550
1444
24834
31073
7077
26216
28990
10281
309
9686
13476
31344
27311
3891
21797
23193
17650
24254
13020
2739
12609
25179
15680
18700
621
1465
26324
17591
28262
18277
29492
10044
19721
21558
8349
26798
15007
4571
4311
15316
14258
17787
13893
8801
21679
2922
31994
6561
27177
12246
9300
7018
4658
24981
25718
5279
26446
19274
22871
21940
4783
19595
31985
24505
8385
7566
18535
23392
12138
22847
5941
26396
7866
19834
2429
29545
22756
1656
3339
17165
13902
12639
24183
18560
4852
17133
23840
31299
3639
13943
20471
8423
770
19688
160
9155
27255
18695
32548
6625
8774
5721
253
16641
25555
2682
13418
15543
4338
16757
32709
18241
29397
24124
4033
1481
8490
27873
12
12129
9048
20484
20552
9818
7404
20712
18974
1891
6640
18754
8516
15414
24475
8769
32055
17262
11452
12706
37
15790
29463
32746
1263
26092
24103
5297
27574
32593
402
27586
11954
9451
15302
32507
19269
22707
20451
5475
24598
27091
24229
347
9738
15936
9116
9025
430
20568
21731
468
3591
18427
446
4854
11751
24549
10151
6557
24374
10554
1376
3561
20005
16678
3300
6506
6617
23751
11982
31216
18075
3443
31563
27813
19380
7911
4070
19810
28480
25802
20278
32071
11461
20725
4157
23212
12506
14309
29770
4113
24863
31146
7674
12100
15056
10974
18606
21674
1957
30588
20122
20032
1264
18917
15077
20644
26828
19148
7686
22540
12182
27965
21843
23643
15922
26001
14087
28428
7542
11089
32541
32405
9467
7447
11737
24524
18421
30343
13430
20379
28164
784
7643
29428
19701
22721
17304
13761
9101
24990
3534
21283
20187
25377
12158
3341
18610
26245
31770
26152
4567
31543
25789
14034
6223
4758
5790
24644
2334
19220
12255
30498
20004
19899
27158
6937
9852
11694
20699
18953
3916
24233
7468
24104
16842
19626
27445
2685
13103
26447
28837
17670
25223
21859
31705
31446
26617
4727
23322
28951
23948
2810
26681
11184
22709
21071
18122
32561
32765
6053
18746
3914
30286
26214
28018
14360
13072
22695
17045
26175
16375
13115
11078
8830
2206
10015
7508
28823
14742
30830
25007
5922
872
18920
17107
23581
7224
2461
23374
7221
8514
9352
11135
6032
2798
6385
20392
15870
29081
4670
9278
12688
17785
20356
21518
19991
30371
29026
16046
12345
27088
8285
18268
27961
27206
2607
18774
1662
5068
9381
8883
13582
18733
20019
19614
21532
26404
7238
4634
22717
11908
13912
2637
29693
1500
24155
16916
31871
20413
195
11449
14734
8480
29717
9927
2918
32324
28701
4580
4624
5314
13464
18206
24048
715
5052
12812
27119
12290
17446
17069
24199
31359
19706
21124
91
11094
5273
31963
31507
5468
10644
13473
13948
7593
23400
16867
7149
19334
21447
11773
24648
2143
29979
15928
2858
2263
28740
29978
14553
13419
14279
5984
12010
1217
27109
12101
12311
32382
11296
11051
5082
21940
24524
19030
29533
15157
3129
3914
1723
24577
15687
26371
26720
12898
9532
29579
15161
5504
26789
29715
18923
8300
2931
30933
9517
30040
10267
21829
29654
21563
112
1968
10736
24636
20999
7501
7025
24128
11416
8748
15937
27103
2352
9890
7234
11884
6701
22395
17388
722
19342
3544
9022
22274
1709
18539
19546
11976
7600
16433
772
7712
18401
11508
32349
6632
19009
6606
30761
30425
15355
13930
24761
17707
23820
31995
29591
30521
21622
14211
31243
8197
17755
7497
30471
19465
26037
17249
31441
869
914
32213
8582
19316
10953
8163
25948
29963
14769
23941
27620
30124
5104
19613
15063
28924
18840
11886
26678
7695
26098
25153
15892
11085
32651
13595
30550
25920
30844
29224
26789
31759
28669
2603
18307
6855
10766
11487
4050
25536
2661
31670
22892
7765
18516
5188
3921
4588
17074
30599
12283
10404
22985
28175
21490
22868
9002
19272
16020
7079
15728
10041
6070
11630
12645
24377
18485
23411
3096
22535
16179
5757
21437
6304
13522
7185
11492
17444
11774
28566
15275
24057
6203
5492
19465
27693
28360
28467
14197
11612
2778
29926
21654
8848
8788
1531
457
27273
24942
3554
17040
8354
9311
5709
14658
22834
12895
26150
